Number of fault results: 501369, 501225

Addresses potentially prone to safe error attack:
0x80005a8 on hits (1017, 1018)
0x80005ae on hits (1003, 1004, 1005, 1006, 1007, 1008)
0x80005b0 on hits (8, 1003, 1004, 1005, 1006, 1007, 1008)
0x80005b2 on hits (6, 8, 1003, 1004, 1005, 1006, 1007, 1008)
0x80005b4 on hits (6, 8, 1003, 1004, 1005, 1006, 1007, 1008)
0x80005b6 on hits (1003, 1004, 1005, 1006, 1007, 1008)
0x80005b8 on hits (1003, 1005, 1006, 1007, 1008)
0x80005ba on hits (1004, 1005, 1006, 1007, 1008)
0x80005be on hits (1003, 1004, 1005, 1006, 1007, 1008)
0x80005c2 on hits (7, 8, 15, 1003, 1004, 1005, 1006, 1007, 1008)
0x80005c6 on hits (8, 1003, 1004, 1005, 1006, 1007, 1008)
0x80005ca on hits (1003, 1004, 1005, 1006, 1007, 1008)
0x80005ce on hits (7, 8, 16, 1003, 1004, 1005, 1006, 1007, 1008)
0x80005d0 on hits (15, 1003, 1004, 1005, 1006, 1007, 1008)
0x80005d4 on hits (6, 8, 15, 1003, 1004, 1005, 1006, 1007, 1008)
0x80005d8 on hits (6, 8, 15, 1003, 1004, 1005, 1006, 1007, 1008)
0x80005dc on hits (1003, 1004, 1005, 1006, 1007, 1008)
0x80005e0 on hits (6, 8, 15, 1003, 1004, 1005, 1006, 1007, 1008)
0x80005e4 on hits (6, 8, 13, 19, 23, 24, 26, 27, 28, 29, 31, 32, 35, 37, 38, 39, 40, 41, 42, 44, 45, 48, 49, 52, 54, 55, 56, 60, 63, 64, 66, 70, 71, 72, 73, 74, 75, 77, 78, 79, 82, 83, 86, 92, 94, 95, 97, 99, 100, 101, 105, 106, 109, 110, 115, 117, 118, 119, 122, 124, 126, 130, 132, 133, 135, 140, 141, 142, 144, 145, 152, 153, 157, 159, 161, 162, 164, 166, 168, 169, 174, 176, 177, 179, 180, 181, 183, 186, 187, 190, 199, 200, 201, 203, 205, 207, 208, 209, 210, 213, 214, 220, 221, 222, 223, 225, 229, 231, 232, 238, 242, 243, 246, 250, 252, 253, 256, 262, 264, 270, 271, 274, 275, 277, 279, 282, 286, 287, 289, 291, 293, 294, 296, 300, 301, 302, 303, 305, 306, 307, 313, 315, 317, 318, 319, 320, 322, 324, 325, 327, 332, 333, 334, 335, 337, 339, 341, 347, 348, 349, 351, 352, 353, 355, 356, 357, 359, 360, 363, 366, 368, 369, 371, 372, 373, 375, 376, 377, 378, 379, 380, 382, 389, 390, 391, 392, 394, 396, 397, 398, 402, 405, 408, 413, 414, 416, 417, 419, 421, 423, 424, 428, 429, 430, 432, 433, 434, 435, 438, 441, 442, 443, 444, 445, 446, 447, 448, 452, 456, 457, 460, 462, 463, 464, 467, 469, 471, 473, 475, 479, 481, 482, 483, 484, 488, 489, 490, 494, 495, 496, 497, 501, 502, 504, 505, 507, 510, 511, 512, 513, 514, 515, 520, 521, 524, 525, 526, 531, 533, 535, 538, 539, 544, 545, 547, 548, 549, 552, 553, 554, 555, 556, 557, 558, 559, 561, 564, 566, 567, 568, 569, 571, 577, 579, 582, 586, 587, 588, 589, 590, 593, 595, 596, 597, 599, 600, 601, 602, 603, 606, 608, 609, 611, 615, 618, 620, 621, 624, 625, 628, 630, 631, 632, 635, 636, 637, 640, 643, 645, 648, 653, 654, 660, 662, 666, 667, 668, 670, 671, 672, 673, 677, 679, 681, 685, 687, 688, 691, 692, 693, 694, 695, 696, 698, 700, 702, 706, 707, 708, 709, 711, 712, 713, 715, 716, 717, 718, 719, 720, 721, 722, 724, 727, 729, 731, 733, 738, 739, 745, 746, 747, 751, 752, 755, 758, 761, 763, 767, 768, 769, 771, 775, 778, 779, 782, 783, 784, 787, 788, 789, 791, 792, 793, 794, 798, 801, 803, 805, 806, 811, 812, 813, 814, 815, 817, 822, 828, 834, 835, 836, 838, 839, 840, 841, 845, 847, 849, 850, 851, 852, 855, 858, 860, 861, 867, 871, 872, 873, 876, 882, 883, 886, 888, 890, 894, 897, 898, 900, 904, 910, 912, 914, 915, 916, 919, 925, 926, 927, 928, 930, 931, 932, 934, 941, 942, 944, 945, 946, 948, 951, 952, 954, 958, 960, 962, 964, 968, 970, 971, 972, 975, 977, 978, 979, 980, 986, 988, 994, 996, 997, 999, 1000, 1001, 1006, 1007, 1012, 1020, 1021, 1022, 1023, 1026, 1029, 1033, 1034, 1035, 1036, 1038, 1039, 1040, 1041, 1047, 1048, 1050, 1052, 1053, 1054, 1056, 1057, 1060, 1061, 1062, 1063, 1064, 1069, 1071, 1072, 1073, 1074, 1075, 1077, 1078, 1081, 1083, 1085, 1089, 1091, 1093, 1094, 1097, 1098, 1101, 1103, 1104, 1107, 1108, 1112, 1114, 1117, 1118, 1119, 1125, 1126, 1127, 1128, 1129, 1130, 1131, 1132, 1135, 1137, 1139, 1140, 1142, 1145, 1146, 1151, 1152, 1153, 1154, 1157, 1159, 1160, 1164, 1165, 1166, 1170, 1171, 1175, 1176, 1178, 1180, 1181, 1182, 1183, 1184, 1185, 1189, 1191, 1192, 1194, 1196, 1202, 1203, 1204, 1205, 1209, 1210, 1212, 1214, 1218, 1219, 1221, 1224, 1225, 1226, 1227, 1228, 1229, 1230, 1231, 1232, 1233, 1237, 1241, 1242, 1243, 1246, 1248, 1252, 1253, 1254, 1256, 1263, 1264, 1267, 1269)
0x80005e8 on hits (7, 1003, 1004, 1005, 1006, 1007, 1008)
0x80005ec on hits (6, 8, 1003, 1004, 1005, 1006, 1007, 1008)
0x80005f0 on hits (6, 1003, 1004, 1005, 1006, 1007, 1008)
0x80005f2 on hits (6, 1003, 1004, 1005, 1006, 1007, 1008)
0x80005f6 on hits (1003, 1004, 1005, 1006, 1007, 1008)
0x80005f8 on hits (8)
0x80005fa on hits (6, 8, 1003, 1004, 1005, 1006, 1007, 1008)
0x80005fc on hits (1003, 1004, 1005, 1006, 1007, 1008)
0x8000600 on hits (1003, 1004, 1005, 1006, 1007, 1008)
0x8000604 on hits (6, 8, 1003, 1004, 1005, 1006, 1007, 1008)
0x8000608 on hits (6, 8, 1003, 1004, 1005, 1006, 1007, 1008)
0x800060c on hits (6, 8, 1003, 1004, 1005, 1006, 1007, 1008)
0x8000610 on hits (6, 8, 1003, 1004, 1005, 1006, 1007, 1008)
0x8000614 on hits (6, 8, 1003, 1004, 1005, 1006, 1007, 1008)
0x8000618 on hits (6, 1003, 1004, 1005, 1006, 1007, 1008)
0x800061c on hits (1003, 1004, 1005, 1006, 1007, 1008)
0x8000620 on hits (6, 8, 1003, 1004, 1005, 1006, 1007, 1008)
0x8000624 on hits (6, 8, 1003, 1004, 1005, 1006, 1007, 1008)
0x8000626 on hits (15, 1003, 1004, 1005, 1006, 1007, 1008)
0x800062a on hits (6, 8, 1003, 1004, 1005, 1006, 1007, 1008)
0x800062e on hits (1003, 1004, 1005, 1006, 1007, 1008)
0x8000632 on hits (6, 8, 1003, 1004, 1005, 1006, 1007, 1008)
0x8000636 on hits (6, 8, 1003, 1004, 1005, 1006, 1007, 1008)
0x800063a on hits (6, 1003, 1004, 1005, 1006, 1007, 1008)
0x800063e on hits (1003, 1004, 1005, 1006, 1007, 1008)
0x8000642 on hits (6, 8, 1003, 1004, 1005, 1006, 1007, 1008)
0x8000646 on hits (6, 8, 1003, 1004, 1005, 1006, 1007, 1008)
0x800064a on hits (8, 1003, 1004, 1005, 1006, 1007, 1008)
0x800064e on hits (6, 8, 1003, 1004, 1005, 1006, 1007, 1008)
0x8000652 on hits (1003, 1004, 1005, 1006, 1007, 1008)
0x8000656 on hits (1003, 1004, 1005, 1006, 1007, 1008)
0x800065a on hits (6, 8, 1003, 1004, 1005, 1006, 1007, 1008)
0x800065e on hits (6, 8, 1003, 1004, 1005, 1006, 1007, 1008)
0x8000662 on hits (8, 1003, 1004, 1005, 1006, 1007, 1008)
0x8000666 on hits (1003, 1004, 1005, 1006, 1007, 1008)
0x800066a on hits (1003, 1004, 1005, 1006, 1007, 1008)
0x800066e on hits (1003, 1004, 1005, 1006, 1007, 1008)
0x8000670 on hits (1003, 1004, 1005, 1006, 1007, 1008)
0x8000674 on hits (6, 8, 1003, 1004, 1005, 1006, 1007, 1008)
0x8000678 on hits (1003, 1004, 1005, 1006, 1007, 1008)
0x800067a on hits (6, 8, 1003, 1004, 1005, 1006, 1007, 1008)
0x800067e on hits (1003, 1004, 1005, 1006, 1007, 1008)
0x8000682 on hits (1003, 1004, 1005, 1006, 1007, 1008)
0x8000686 on hits (6, 8, 1003, 1004, 1005, 1006, 1007, 1008)
0x800068a on hits (6, 8, 10, 1003, 1004, 1005, 1006, 1007, 1008)
0x800068e on hits (9, 10, 1003, 1004, 1005, 1006, 1007, 1008)
0x8000692 on hits (6, 8, 1003, 1004, 1005, 1006, 1007, 1008)
0x8000696 on hits (6, 8, 1003, 1004, 1005, 1006, 1007, 1008)
0x800069a on hits (8, 1003, 1004, 1005, 1006, 1007, 1008)
0x800069c on hits (6, 8, 1003, 1004, 1005, 1006, 1007, 1008)
0x80006a0 on hits (6, 8, 10, 1003, 1004, 1005, 1006, 1007, 1008)
0x80006a4 on hits (6, 8, 1003, 1004, 1005, 1006, 1007, 1008)
0x80006a8 on hits (6, 8, 1003, 1004, 1005, 1006, 1007, 1008)
0x80006ac on hits (6, 8, 1003, 1004, 1005, 1006, 1007, 1008)
0x80006ae on hits (6, 8, 1003, 1004, 1005, 1006, 1007, 1008)
0x80006b2 on hits (6, 8, 10, 1003, 1004, 1005, 1006, 1007, 1008)
0x80006b4 on hits (6, 8, 1003, 1004, 1005, 1006, 1007, 1008)
0x80006b8 on hits (6, 8, 1003, 1004, 1005, 1006, 1007, 1008)
0x80006bc on hits (6, 8, 1003, 1004, 1005, 1006, 1007, 1008)
0x80006c0 on hits (6, 8, 10, 1003, 1004, 1005, 1006, 1007, 1008)
0x80006c4 on hits (6, 8, 1003, 1004, 1005, 1006, 1007, 1008)
0x80006c8 on hits (1003, 1004, 1005, 1006, 1007, 1008)
0x80006cc on hits (6, 32, 36, 42, 50, 56, 64, 70, 78, 80, 82, 84, 88, 94, 100, 102, 104, 110, 124, 128, 132, 134, 142, 148, 150, 154, 156, 158, 164, 168, 170, 172, 184, 190, 196, 202, 204, 212, 218, 222, 224, 226, 228, 234, 242, 244, 246, 252, 258, 264, 270, 286, 288, 290, 296, 312, 316, 322, 326, 330, 338, 344, 348, 350, 352, 354, 356, 358, 360, 376, 378, 380, 382, 396, 402, 416, 418, 426, 434, 438, 444, 448, 450, 456, 458, 464, 468, 470, 472, 474, 482, 492, 498, 500, 512, 520, 524, 532, 550, 552, 562, 564, 568, 570, 572, 588, 596, 598, 602, 608, 610, 612, 614, 622, 624, 628, 630, 642, 644, 646, 652, 654, 660, 686, 690, 698, 708, 710, 712, 716, 722, 724, 732, 734, 738, 740, 748, 752, 754, 758, 772, 780, 790, 792, 806, 812, 826, 828, 832, 838, 840, 846, 848, 852, 856, 858, 864, 866, 868, 870, 872, 882, 886, 890, 898, 902, 916, 918, 926, 928, 930, 932, 936, 938, 940, 944, 946, 948, 950, 954, 956, 958, 960, 962, 968, 970, 974, 976, 978, 988, 998, 1002, 1006, 1020)
0x80006d0 on hits (1003, 1004, 1005, 1006, 1007, 1008)
0x80006d4 on hits (1003, 1004, 1005, 1006, 1007, 1008)
0x80006d8 on hits (8, 9, 10, 15, 20, 27, 28, 30, 32, 34, 40, 42, 44, 45, 47, 51, 55, 57, 58, 61, 64, 67, 68, 69, 73, 74, 75, 79, 80, 81, 85, 87, 88, 94, 98, 100, 101, 102, 103, 104, 105, 108, 109, 112, 114, 115, 116, 118, 120, 121, 122, 123, 124, 125, 126, 130, 132, 140, 141, 142, 146, 148, 149, 153, 156, 157, 158, 159, 160, 162, 166, 167, 168, 169, 171, 181, 184, 185, 188, 190, 191, 192, 194, 195, 205, 206, 210, 213, 214, 216, 217, 218, 222, 225, 226, 228, 230, 231, 234, 235, 240, 242, 243, 245, 247, 249, 250, 251, 252, 253, 254, 255, 256, 258, 259, 260, 262, 263, 266, 268, 270, 271, 272, 274, 276, 277, 281, 282, 284, 287, 288, 290, 293, 294, 295, 298, 300, 301, 306, 310, 312, 313, 317, 320, 322, 324, 328, 331, 332, 335, 340, 343, 345, 347, 348, 349, 352, 353, 354, 356, 360, 366, 367, 369, 370, 372, 375, 378, 381, 384, 386, 387, 388, 389, 390, 393, 394, 395, 399, 402, 407, 408, 411, 412, 413, 414, 417, 418, 422, 424, 426, 427, 428, 431, 432, 433, 436, 437, 440, 441, 442, 443, 444, 446, 447, 448, 451, 452, 454, 457, 458, 459, 461, 462, 467, 468, 471, 473, 474, 475, 476, 477, 479, 480, 483, 485, 486, 487, 490, 491, 492, 494, 497, 498, 499, 503, 504, 508, 509, 510, 512, 514, 515, 516, 517, 518, 522, 524, 525, 526, 527, 529, 530, 533, 537, 539, 541, 543, 544, 545, 546, 547, 550, 552, 555, 560, 561, 564, 565, 567, 571, 572, 573, 574, 577, 578, 579, 580, 581, 582, 585, 594, 596, 598, 604, 607, 608, 609, 615, 616, 617, 619, 620, 621, 622, 623, 625, 626, 627, 629, 630, 633, 634, 636, 637, 639, 641, 643, 644, 645, 646, 650, 651, 652, 654, 655, 656, 658, 661, 662, 665, 666, 667, 670, 672, 677, 679, 685, 686, 694, 695, 696, 698, 699, 701, 702, 703, 705, 707, 708, 709, 711, 712, 713, 714, 715, 717, 718, 721, 723, 727, 728, 729, 735, 737, 742, 743, 745, 746, 749, 750, 751, 752, 754, 755, 757, 759, 760, 764, 768, 770, 772, 778, 779, 783, 785, 786, 787, 789, 793, 795, 797, 799, 800, 802, 803, 808, 809, 810, 812, 813, 817, 818, 820, 823, 824, 827, 831, 832, 834, 835, 836, 837, 841, 845, 846, 848, 851, 856, 859, 861, 862, 863, 864, 868, 871, 874, 875, 876, 879, 880, 881, 887, 888, 891, 893, 895, 897, 899, 902, 904, 906, 908, 909, 911, 915, 916, 917, 918, 922, 924, 925, 926, 928, 930, 933, 935, 937, 938, 939, 940, 941, 944, 956, 957, 958, 959, 960, 962, 964, 967, 969, 970, 972, 973, 974, 975, 976, 977, 978, 980, 981, 982, 985, 986, 988, 990, 991, 992, 993, 994, 995, 996, 997, 999, 1001, 1003, 1004, 1005, 1011, 1012, 1016, 1026, 1028, 1033, 1034, 1036, 1037, 1039, 1040, 1041, 1042, 1043, 1046, 1047, 1049, 1054, 1057, 1059, 1060, 1065, 1066, 1067, 1069, 1070, 1071, 1072, 1074, 1078, 1079, 1080, 1082, 1085, 1090, 1098, 1102, 1104, 1107, 1108, 1110, 1111, 1113, 1114, 1116, 1117, 1118, 1119, 1120, 1122, 1124, 1125, 1129, 1141, 1142, 1143, 1149, 1150, 1153, 1154, 1156, 1157, 1160, 1161, 1163, 1166, 1169, 1170, 1171, 1175, 1176, 1177, 1178, 1181, 1183, 1185, 1187, 1188, 1190, 1193, 1194, 1195, 1199, 1201, 1204, 1205, 1207, 1209, 1211, 1212, 1213, 1216, 1217, 1218, 1221, 1223, 1224, 1226, 1227, 1228, 1229, 1230, 1233, 1237, 1238, 1239, 1242, 1243, 1245, 1251, 1253, 1256, 1259, 1260, 1261, 1262, 1264, 1266, 1273, 1274)
0x80006dc on hits (1003, 1004, 1005, 1006, 1007, 1008)
0x80006e0 on hits (8, 9, 10, 15, 20, 27, 28, 30, 32, 34, 40, 42, 44, 45, 47, 51, 55, 57, 58, 61, 64, 67, 68, 69, 73, 74, 75, 79, 80, 81, 85, 87, 88, 94, 98, 100, 101, 102, 103, 104, 105, 108, 109, 112, 114, 115, 116, 118, 120, 121, 122, 123, 124, 125, 126, 130, 132, 140, 141, 142, 146, 148, 149, 153, 156, 157, 158, 159, 160, 162, 166, 167, 168, 169, 171, 181, 184, 185, 188, 190, 191, 192, 194, 195, 205, 206, 210, 213, 214, 216, 217, 218, 222, 225, 226, 228, 230, 231, 234, 235, 240, 242, 243, 245, 247, 249, 250, 251, 252, 253, 254, 255, 256, 258, 259, 260, 262, 263, 266, 268, 270, 271, 272, 274, 276, 277, 281, 282, 284, 287, 288, 290, 293, 294, 295, 298, 300, 301, 306, 310, 312, 313, 317, 320, 322, 324, 328, 331, 332, 335, 340, 343, 345, 347, 348, 349, 352, 353, 354, 356, 360, 366, 367, 369, 370, 372, 375, 378, 381, 384, 386, 387, 388, 389, 390, 393, 394, 395, 399, 402, 407, 408, 411, 412, 413, 414, 417, 418, 422, 424, 426, 427, 428, 431, 432, 433, 436, 437, 440, 441, 442, 443, 444, 446, 447, 448, 451, 452, 454, 457, 458, 459, 461, 462, 467, 468, 471, 473, 474, 475, 476, 477, 479, 480, 483, 485, 486, 487, 490, 491, 492, 494, 497, 498, 499, 503, 504, 508, 509, 510, 512, 514, 515, 516, 517, 518, 522, 524, 525, 526, 527, 529, 530, 533, 537, 539, 541, 543, 544, 545, 546, 547, 550, 552, 555, 560, 561, 564, 565, 567, 571, 572, 573, 574, 577, 578, 579, 580, 581, 582, 585, 594, 596, 598, 604, 607, 608, 609, 615, 616, 617, 619, 620, 621, 622, 623, 625, 626, 627, 629, 630, 633, 634, 636, 637, 639, 641, 643, 644, 645, 646, 650, 651, 652, 654, 655, 656, 658, 661, 662, 665, 666, 667, 670, 672, 677, 679, 685, 686, 694, 695, 696, 698, 699, 701, 702, 703, 705, 707, 708, 709, 711, 712, 713, 714, 715, 717, 718, 721, 723, 727, 728, 729, 735, 737, 742, 743, 745, 746, 749, 750, 751, 752, 754, 755, 757, 759, 760, 764, 768, 770, 772, 778, 779, 783, 785, 786, 787, 789, 793, 795, 797, 799, 800, 802, 803, 808, 809, 810, 812, 813, 817, 818, 820, 823, 824, 827, 831, 832, 834, 835, 836, 837, 841, 845, 846, 848, 851, 856, 859, 861, 862, 863, 864, 868, 871, 874, 875, 876, 879, 880, 881, 887, 888, 891, 893, 895, 897, 899, 902, 904, 906, 908, 909, 911, 915, 916, 917, 918, 922, 924, 925, 926, 928, 930, 933, 935, 937, 938, 939, 940, 941, 944, 956, 957, 958, 959, 960, 962, 964, 967, 969, 970, 972, 973, 974, 975, 976, 977, 978, 980, 981, 982, 985, 986, 988, 990, 991, 992, 993, 994, 995, 996, 997, 999, 1001, 1006, 1007, 1008, 1011, 1012, 1016, 1026, 1028, 1033, 1034, 1036, 1037, 1039, 1040, 1041, 1042, 1043, 1046, 1047, 1049, 1054, 1057, 1059, 1060, 1065, 1066, 1067, 1069, 1070, 1071, 1072, 1074, 1078, 1079, 1080, 1082, 1085, 1090, 1098, 1102, 1104, 1107, 1108, 1110, 1111, 1113, 1114, 1116, 1117, 1118, 1119, 1120, 1122, 1124, 1125, 1129, 1141, 1142, 1143, 1149, 1150, 1153, 1154, 1156, 1157, 1160, 1161, 1163, 1166, 1169, 1170, 1171, 1175, 1176, 1177, 1178, 1181, 1183, 1185, 1187, 1188, 1190, 1193, 1194, 1195, 1199, 1201, 1204, 1205, 1207, 1209, 1211, 1212, 1213, 1216, 1217, 1218, 1221, 1223, 1224, 1226, 1227, 1228, 1229, 1230, 1233, 1237, 1238, 1239, 1242, 1243, 1245, 1251, 1253, 1256, 1259, 1260, 1261, 1262, 1264, 1266, 1273, 1274)
0x80006e4 on hits (1003, 1004, 1005, 1006, 1007, 1008)
0x80006e8 on hits (6, 8, 1003, 1004, 1005, 1006, 1007, 1008)
0x80006ec on hits (1003, 1004, 1005, 1006, 1007, 1008)
0x80006f0 on hits (1003, 1004, 1005, 1006, 1007, 1008)
0x80006f4 on hits (1003, 1004, 1005, 1006, 1007, 1008)
0x80006f8 on hits (15, 21, 27, 45, 47, 53, 57, 73, 85, 89, 91, 93, 95, 97, 99, 111, 115, 121, 131, 149, 153, 159, 167, 169, 171, 173, 177, 179, 181, 195, 201, 205, 213, 221, 223, 227, 231, 233, 239, 243, 249, 255, 261, 267, 273, 279, 283, 285, 287, 291, 303, 305, 315, 317, 319, 325, 327, 335, 337, 347, 349, 351, 363, 365, 369, 371, 377, 381, 389, 393, 395, 397, 405, 417, 425, 439, 441, 443, 445, 453, 455, 457, 461, 465, 473, 475, 481, 491, 493, 495, 497, 509, 513, 519, 521, 525, 527, 531, 537, 549, 559, 561, 563, 569, 573, 577, 583, 587, 601, 609, 625, 637, 653, 659, 667, 671, 673, 677, 685, 687, 695, 699, 717, 737, 741, 765, 773, 785, 787, 789, 791, 801, 803, 811, 817, 819, 821, 835, 837, 839, 841, 849, 861, 863, 875, 877, 897, 899, 901, 905, 907, 917, 923, 933, 941, 943, 951, 957, 961, 963, 967, 969, 971, 973, 975, 989, 991, 1001, 1004, 1005, 1006, 1007, 1008, 1015, 1022, 1024, 1028, 1031, 1033, 1034, 1037, 1042, 1043, 1044, 1045, 1053, 1057, 1058, 1060, 1061, 1073, 1074, 1077, 1081, 1082, 1083, 1087, 1090, 1094, 1097, 1102, 1106, 1107, 1108, 1111, 1114, 1123, 1125, 1129, 1131, 1146, 1147, 1151, 1152, 1159, 1160, 1178, 1179, 1182, 1184, 1185, 1187, 1189, 1191, 1193, 1197, 1199, 1201, 1203, 1204, 1205, 1207, 1208, 1210, 1211, 1212, 1215, 1216, 1217, 1227, 1238, 1241, 1242, 1248, 1252, 1254, 1255, 1258, 1259, 1260, 1264, 1265, 1266, 1271, 1272)
0x80006fc on hits (8, 43, 80, 99, 219, 258, 402, 405, 407, 408, 535, 562, 564, 571, 573, 580, 592, 663, 690, 705, 709, 733, 766, 787, 807, 896, 908, 914, 925, 1003, 1004, 1005, 1006, 1007, 1008, 1016, 1031, 1064, 1101, 1138, 1158, 1163, 1185, 1195, 1227, 1253)
0x80006fe on hits (1003, 1004, 1005, 1006, 1007, 1008)
0x8000700 on hits (7, 8, 1003, 1004, 1005, 1006, 1007, 1008)
0x8000704 on hits (11, 1003, 1004, 1005, 1006, 1007, 1008)
0x8000708 on hits (7, 8, 1003, 1004, 1005, 1006, 1007, 1008)
0x800070c on hits (8, 1003, 1004, 1005, 1006, 1007, 1008)
0x800070e on hits (7, 8, 1003, 1004, 1005, 1006, 1007, 1008)
0x8000710 on hits (8, 1003, 1004, 1005, 1006, 1007, 1008)
0x8000712 on hits (1003, 1004, 1005, 1006, 1007, 1008)
0x8000716 on hits (1003, 1004, 1005, 1006, 1007, 1008)
0x800071a on hits (1003, 1004, 1005, 1006, 1007, 1008)
0x800071c on hits (1003, 1004, 1005, 1006, 1007, 1008)
0x8000720 on hits (5, 1003, 1004, 1005, 1006, 1007, 1008)
0x8000722 on hits (10, 1003, 1004, 1005, 1006, 1007, 1008)
0x8000726 on hits (5, 1003, 1004, 1005, 1006, 1007, 1008)
0x800072a on hits (9, 10, 1003, 1004, 1005, 1006, 1007, 1008)
0x800072e on hits (5, 1003, 1004, 1005, 1006, 1007, 1008)
0x8000730 on hits (10, 1003, 1004, 1005, 1006, 1007, 1008)
0x8000734 on hits (5, 1003, 1004, 1005, 1006, 1007, 1008)
0x8000738 on hits (6, 8, 10, 20, 24, 28, 66, 74, 282, 335, 341, 357, 370, 376, 391, 541, 615, 652, 670, 680, 690, 722, 748, 759, 802, 810, 848, 874, 912, 954, 964, 1003, 1005, 1006, 1007, 1008, 1086, 1099, 1154, 1155, 1170, 1229)
0x800073a on hits (7, 8, 1003, 1004, 1005, 1006, 1007, 1008)
0x8000744 on hits (3, 8, 18, 43, 48, 53, 213, 228, 1254, 1256, 1257, 1258, 1259, 1261, 1262, 1263, 1266, 1267, 1268, 1271, 1272, 1273)
0x800074a on hits (1254, 1255, 1256, 1257, 1258, 1259, 1260)
0x800074c on hits (1254, 1255, 1256, 1257, 1258, 1259, 1260)
0x800074e on hits (7, 1254, 1255, 1256, 1257, 1259, 1260)
0x8000750 on hits (1254, 1255, 1256, 1257, 1258, 1259, 1260)
0x8000752 on hits (1255, 1259, 1260)
0x8000754 on hits (1254, 1255, 1257, 1259, 1260)
0x8000756 on hits (1254, 1256, 1258, 1260)
0x800075a on hits (1254, 1255, 1256, 1257, 1258, 1260)
0x800075e on hits (14, 16, 1254, 1255, 1256, 1257, 1258, 1259, 1260)
0x8000762 on hits (13, 16, 1254, 1255, 1256, 1257, 1258, 1259, 1260)
0x8000766 on hits (1254, 1255, 1256, 1257, 1258, 1259, 1260)
0x800076a on hits (7, 1254, 1255, 1256, 1257, 1259, 1260)
0x800076e on hits (7, 1254, 1255, 1256, 1257, 1259, 1260)
0x8000772 on hits (7, 1254, 1255, 1256, 1257, 1259, 1260)
0x8000776 on hits (1254, 1255, 1256, 1257, 1258, 1259, 1260)
0x8000778 on hits (16, 1254, 1255, 1256, 1257, 1258, 1259, 1260)
0x800077c on hits (6, 9, 10, 13, 53, 168, 218, 298, 343, 363, 383, 418, 453, 458, 483, 513, 553, 568, 598, 608, 628, 643, 708, 718, 733, 768, 778, 818, 828, 863, 878, 888, 893, 908, 913, 938, 943, 968, 978, 983, 998, 1033, 1038, 1043, 1153, 1188, 1254, 1255, 1256, 1257, 1258, 1259, 1260)
0x8000780 on hits (9, 10, 1254, 1255, 1256, 1257, 1259, 1260)
0x8000784 on hits (7, 1254, 1255, 1256, 1257, 1259, 1260)
0x8000788 on hits (1254, 1255, 1256, 1257, 1258, 1259, 1260)
0x800078c on hits (16, 1254, 1255, 1256, 1257, 1258, 1259, 1260)
0x8000790 on hits (7, 1254, 1255, 1256, 1257, 1259, 1260)
0x8000794 on hits (9, 1254, 1255, 1256, 1257, 1258, 1259, 1260)
0x8000796 on hits (6, 12, 16, 1254, 1255, 1256, 1257, 1258, 1259, 1260)
0x800079a on hits (7, 9, 10, 1254, 1255, 1256, 1257, 1259, 1260)
0x800079e on hits (7, 11, 1254, 1255, 1256, 1257, 1259, 1260)
0x80007a2 on hits (7, 1254, 1255, 1256, 1257, 1259, 1260)
0x80007a6 on hits (6, 10, 1254, 1255, 1256, 1257, 1258, 1259, 1260)
0x80007aa on hits (6, 7, 9, 10, 1254, 1255, 1256, 1257, 1258, 1259, 1260)
0x80007ae on hits (1254, 1255, 1256, 1257, 1259, 1260)
0x80007b2 on hits (11, 12, 1254, 1255, 1256, 1257, 1258, 1259, 1260)
0x80007b4 on hits (6, 12, 16, 1254, 1255, 1256, 1257, 1258, 1259, 1260)
0x80007b8 on hits (7, 11, 1254, 1255, 1256, 1257, 1259, 1260)
0x80007bc on hits (7, 11, 1254, 1255, 1256, 1257, 1259, 1260)
0x80007c0 on hits (1254, 1255, 1256, 1257, 1259, 1260)
0x80007c4 on hits (6, 8, 9, 10, 1254, 1255, 1256, 1257, 1258, 1259, 1260)
0x80007c8 on hits (6, 7, 9, 10, 1254, 1255, 1256, 1257, 1258, 1259, 1260)
0x80007cc on hits (12, 1254, 1255, 1256, 1257, 1259, 1260)
0x80007d0 on hits (11, 12, 1254, 1255, 1256, 1257, 1258, 1259, 1260)
0x80007d2 on hits (6, 11, 16, 1254, 1255, 1256, 1257, 1258, 1259, 1260)
0x80007d6 on hits (7, 11, 1254, 1255, 1256, 1257, 1259, 1260)
0x80007da on hits (1254, 1255, 1256, 1257, 1259, 1260)
0x80007de on hits (12, 1254, 1255, 1256, 1257, 1259, 1260)
0x80007e2 on hits (6, 8, 12, 1254, 1255, 1256, 1257, 1258, 1259, 1260)
0x80007e6 on hits (6, 7, 1254, 1255, 1256, 1257, 1258, 1259, 1260)
0x80007ea on hits (12, 1254, 1255, 1256, 1257, 1259, 1260)
0x80007ee on hits (1254, 1255, 1256, 1257, 1258, 1259, 1260)
0x80007f0 on hits (6, 11, 16, 1254, 1255, 1256, 1257, 1258, 1259, 1260)
0x80007f4 on hits (1254, 1255, 1256, 1257, 1259, 1260)
0x80007f8 on hits (12, 1254, 1255, 1256, 1257, 1259, 1260)
0x80007fc on hits (1254, 1255, 1256, 1257, 1258, 1259, 1260)
0x80007fe on hits (6, 11, 1254, 1255, 1256, 1257, 1258, 1259, 1260)
0x8000802 on hits (6, 11, 16, 1254, 1255, 1256, 1257, 1258, 1259, 1260)
0x8000806 on hits (12, 1254, 1255, 1256, 1257, 1259, 1260)
0x800080a on hits (1254, 1255, 1256, 1257, 1259, 1260)
0x800080e on hits (9, 1254, 1255, 1256, 1257, 1259, 1260)
0x8000810 on hits (9, 12, 1254, 1255, 1256, 1257, 1259, 1260)
0x8000814 on hits (9, 1254, 1255, 1256, 1257, 1259, 1260)
0x8000818 on hits (8, 1258)
0x800081a on hits (9, 10, 1254, 1255, 1256, 1257, 1259, 1260)
0x800081c on hits (1254, 1255, 1256, 1257, 1259, 1260)
0x800081e on hits (1254, 1255, 1256, 1257, 1259, 1260)
0x8000820 on hits (7, 1254, 1255, 1256, 1257, 1259, 1260)
0x8000824 on hits (7, 1254, 1255, 1256, 1257, 1259, 1260)
0x8000828 on hits (6, 7, 11, 1254, 1255, 1256, 1257, 1258, 1259, 1260)
0x800082c on hits (6, 12, 1254, 1255, 1256, 1257, 1258, 1259, 1260)
0x8000830 on hits (6, 1254, 1255, 1256, 1257, 1258, 1259, 1260)
0x8000834 on hits (1254, 1255, 1256, 1257, 1259, 1260)
0x8000838 on hits (1254, 1255, 1256, 1257, 1259, 1260)
0x800083a on hits (8, 9, 1254, 1255, 1256, 1257, 1258, 1259, 1260)
0x800083e on hits (1254, 1255, 1256, 1257, 1259, 1260)
0x8000842 on hits (6, 9, 11, 12, 1254, 1255, 1256, 1257, 1258, 1259, 1260)
0x8000844 on hits (6, 7, 11, 13, 43, 63, 83, 108, 113, 123, 133, 163, 173, 198, 203, 288, 303, 373, 458, 468, 588, 593, 633, 638, 643, 678, 728, 733, 743, 793, 893, 923, 928, 958, 973, 978, 998, 1018, 1028, 1033, 1068, 1108, 1128, 1178, 1203, 1228, 1238, 1254, 1255, 1256, 1257, 1258, 1259, 1260)
0x8000848 on hits (1254, 1255, 1256, 1257, 1259, 1260)
0x800084c on hits (1254, 1255, 1256, 1257, 1259, 1260)
0x800084e on hits (6, 7, 11, 1254, 1255, 1256, 1257, 1258, 1259, 1260)
0x8000852 on hits (12, 1254, 1255, 1256, 1257, 1259, 1260)
0x8000856 on hits (1254, 1255, 1256, 1257, 1259, 1260)
0x800085a on hits (10, 1254, 1255, 1256, 1257, 1259, 1260)
0x800085e on hits (12, 1254, 1255, 1256, 1257, 1259, 1260)
0x8000860 on hits (9, 1254, 1255, 1256, 1257, 1259, 1260)
0x8000864 on hits (1254, 1255, 1256, 1257, 1259, 1260)
0x8000868 on hits (12, 1254, 1255, 1256, 1257, 1259, 1260)
0x800086c on hits (12, 1254, 1255, 1256, 1257, 1259, 1260)
0x800086e on hits (9, 1254, 1255, 1256, 1257, 1259, 1260)
0x8000872 on hits (1254, 1255, 1256, 1257, 1259, 1260)
0x8000876 on hits (1254, 1255, 1256, 1257, 1259, 1260)
0x800087a on hits (8, 9, 1254, 1255, 1256, 1257, 1258, 1259, 1260)
0x800087c on hits (8, 9, 1254, 1255, 1256, 1257, 1258, 1259, 1260)
0x800087e on hits (7, 1254, 1255, 1256, 1257, 1259, 1260)
0x8000882 on hits (8, 9, 16, 1254, 1255, 1256, 1257, 1258, 1259, 1260)
0x8000886 on hits (6, 11, 12, 1254, 1255, 1256, 1257, 1258, 1259, 1260)
0x8000888 on hits (7, 1254, 1255, 1256, 1257, 1259, 1260)
0x800088a on hits (1254, 1255, 1256, 1257, 1259, 1260)
0x800088c on hits (8, 9, 1254, 1255, 1256, 1257, 1258, 1259, 1260)
0x800088e on hits (9, 1254, 1255, 1256, 1257, 1259, 1260)
0x8000892 on hits (9, 10, 1254, 1255, 1256, 1257, 1259, 1260)
0x8000896 on hits (12, 1254, 1255, 1256, 1257, 1259, 1260)
0x800089a on hits (1254, 1255, 1256, 1257, 1259, 1260)
0x800089c on hits (1254, 1255, 1256, 1257, 1259, 1260)
0x80008a0 on hits (1254, 1255, 1256, 1257, 1259, 1260)
0x80008a4 on hits (12, 1254, 1255, 1256, 1257, 1259, 1260)
0x80008a8 on hits (1254, 1255, 1256, 1257, 1259, 1260)
0x80008aa on hits (1254, 1255, 1256, 1257, 1259, 1260)
0x80008ae on hits (1254, 1255, 1256, 1257, 1259, 1260)
0x80008b2 on hits (1254, 1255, 1256, 1257, 1259, 1260)
0x80008b6 on hits (1254, 1255, 1256, 1257, 1259, 1260)
0x80008b8 on hits (1254, 1255, 1256, 1257, 1259, 1260)
0x80008bc on hits (1254, 1255, 1256, 1257, 1259, 1260)
0x80008c0 on hits (1254, 1255, 1256, 1257, 1259, 1260)
0x80008c4 on hits (1254, 1255, 1256, 1257, 1259, 1260)
0x80008c8 on hits (1254, 1255, 1256, 1257, 1259, 1260)
0x80008cc on hits (1254, 1255, 1256, 1257, 1259, 1260)
0x80008d0 on hits (1254, 1255, 1256, 1257, 1258, 1259, 1260)
0x80008d2 on hits (13, 1254, 1255, 1256, 1257, 1258, 1259, 1260)
0x80008d4 on hits (1254, 1255, 1256, 1257, 1258, 1259, 1260)
0x80008d6 on hits (8, 9, 33, 38, 63, 78, 93, 98, 113, 118, 123, 133, 143, 153, 173, 183, 193, 208, 213, 223, 228, 233, 238, 243, 258, 283, 303, 308, 368, 378, 388, 403, 438, 443, 463, 503, 508, 518, 558, 578, 588, 598, 613, 623, 628, 633, 638, 653, 663, 683, 688, 693, 708, 748, 778, 783, 788, 798, 808, 828, 838, 843, 848, 863, 878, 893, 898, 903, 913, 918, 923, 948, 953, 968, 973, 983, 988, 998, 1008, 1048, 1063, 1073, 1088, 1093, 1133, 1178, 1183, 1188, 1193, 1233, 1254, 1255, 1256, 1257, 1259, 1260)
0x80008da on hits (8, 9, 1254, 1255, 1256, 1257, 1258, 1259, 1260)
0x80008de on hits (1254, 1255, 1256, 1257, 1259, 1260)
0x80008e2 on hits (6, 7, 8, 11, 16, 18, 19, 22, 23, 25, 29, 31, 33, 34, 35, 37, 39, 40, 48, 49, 54, 56, 58, 60, 61, 64, 65, 66, 67, 69, 70, 71, 73, 78, 79, 86, 89, 90, 91, 92, 94, 96, 97, 98, 99, 101, 102, 103, 106, 107, 108, 111, 112, 114, 119, 120, 123, 124, 127, 128, 130, 133, 134, 137, 138, 139, 141, 142, 146, 150, 153, 154, 155, 156, 158, 161, 163, 164, 166, 167, 172, 173, 176, 183, 184, 185, 186, 187, 191, 192, 194, 196, 198, 200, 203, 204, 205, 208, 212, 216, 217, 222, 227, 229, 230, 234, 237, 238, 240, 241, 245, 248, 249, 251, 252, 253, 254, 257, 258, 260, 265, 266, 267, 268, 269, 272, 273, 274, 275, 277, 278, 279, 285, 288, 289, 292, 293, 295, 298, 301, 302, 303, 304, 306, 310, 312, 313, 315, 316, 318, 319, 324, 326, 327, 329, 332, 335, 336, 337, 341, 342, 343, 344, 346, 348, 349, 352, 354, 361, 362, 363, 365, 367, 369, 371, 375, 376, 383, 384, 387, 388, 389, 390, 394, 396, 397, 400, 404, 409, 410, 412, 413, 414, 419, 423, 424, 425, 426, 429, 430, 438, 439, 443, 445, 446, 447, 450, 451, 452, 453, 454, 458, 459, 460, 461, 464, 466, 467, 468, 471, 477, 478, 479, 482, 483, 485, 486, 489, 494, 495, 496, 499, 501, 502, 505, 507, 508, 509, 510, 511, 512, 518, 519, 522, 525, 526, 528, 529, 530, 531, 533, 535, 536, 537, 539, 545, 546, 548, 549, 550, 552, 553, 554, 557, 563, 564, 566, 569, 571, 576, 577, 581, 582, 584, 586, 589, 591, 592, 593, 594, 596, 598, 603, 605, 606, 607, 608, 610, 611, 613, 614, 616, 617, 619, 620, 622, 625, 629, 630, 631, 633, 636, 639, 646, 648, 650, 651, 652, 654, 655, 656, 658, 659, 660, 661, 663, 664, 665, 668, 669, 673, 675, 677, 680, 684, 685, 686, 692, 695, 697, 698, 699, 702, 703, 705, 707, 708, 712, 721, 724, 726, 727, 728, 729, 731, 732, 733, 738, 748, 753, 755, 757, 758, 759, 761, 762, 766, 771, 775, 776, 777, 780, 783, 787, 788, 791, 792, 795, 796, 797, 798, 799, 801, 802, 804, 805, 806, 809, 810, 811, 812, 813, 814, 816, 820, 821, 825, 828, 829, 831, 832, 836, 838, 840, 841, 842, 843, 844, 845, 846, 848, 849, 852, 854, 856, 857, 858, 859, 861, 863, 866, 868, 869, 871, 874, 875, 881, 883, 885, 886, 887, 889, 891, 892, 894, 895, 899, 901, 903, 905, 907, 909, 910, 913, 920, 924, 926, 927, 928, 929, 931, 935, 939, 940, 942, 943, 945, 947, 950, 951, 952, 953, 956, 958, 962, 967, 969, 970, 972, 974, 976, 977, 979, 980, 982, 983, 984, 986, 989, 991, 992, 993, 995, 997, 1001, 1002, 1005, 1006, 1007, 1010, 1012, 1014, 1015, 1019, 1021, 1022, 1023, 1024, 1025, 1026, 1027, 1028, 1029, 1033, 1035, 1036, 1038, 1040, 1042, 1044, 1045, 1047, 1048, 1049, 1050, 1051, 1056, 1057, 1058, 1067, 1071, 1076, 1077, 1078, 1079, 1080, 1082, 1083, 1086, 1087, 1088, 1089, 1090, 1091, 1092, 1093, 1094, 1099, 1100, 1101, 1104, 1105, 1107, 1108, 1111, 1113, 1114, 1116, 1117, 1123, 1126, 1129, 1130, 1131, 1132, 1133, 1135, 1136, 1140, 1143, 1144, 1145, 1148, 1149, 1151, 1152, 1155, 1156, 1159, 1160, 1162, 1163, 1165, 1169, 1171, 1173, 1174, 1175, 1177, 1178, 1179, 1182, 1184, 1185, 1187, 1191, 1194, 1198, 1199, 1201, 1202, 1208, 1214, 1217, 1220, 1221, 1222, 1223, 1229, 1230, 1234, 1235, 1237, 1239, 1241, 1243, 1244, 1245, 1247, 1248, 1251, 1253, 1254, 1256, 1259, 1260, 1265, 1269, 1270, 1276, 1282, 1287)
0x80008e6 on hits (6, 7, 8, 11, 18, 23, 33, 48, 58, 73, 78, 98, 103, 108, 123, 128, 133, 138, 153, 158, 163, 173, 183, 198, 203, 208, 238, 248, 253, 258, 268, 273, 278, 288, 293, 298, 303, 313, 318, 343, 348, 363, 383, 388, 413, 423, 438, 443, 453, 458, 468, 478, 483, 508, 518, 528, 533, 548, 553, 563, 593, 598, 603, 608, 613, 633, 648, 658, 663, 668, 673, 698, 703, 708, 728, 733, 738, 748, 753, 758, 783, 788, 798, 813, 828, 838, 843, 848, 858, 863, 868, 883, 903, 913, 928, 943, 953, 958, 983, 993, 1023, 1028, 1033, 1038, 1048, 1058, 1078, 1083, 1088, 1093, 1108, 1113, 1123, 1133, 1143, 1148, 1163, 1173, 1178, 1198, 1208, 1223, 1243, 1248, 1253, 1254, 1255, 1256, 1257, 1259, 1260)
0x80008ea on hits (6, 7, 8, 11, 16, 18, 19, 22, 23, 25, 29, 31, 33, 34, 35, 37, 39, 40, 48, 49, 54, 56, 58, 60, 61, 64, 65, 66, 67, 69, 70, 71, 73, 78, 79, 86, 89, 90, 91, 92, 94, 96, 97, 98, 99, 101, 102, 103, 106, 107, 108, 111, 112, 114, 119, 120, 123, 124, 127, 128, 130, 133, 134, 137, 138, 139, 141, 142, 146, 150, 153, 154, 155, 156, 158, 161, 163, 164, 166, 167, 172, 173, 176, 183, 184, 185, 186, 187, 191, 192, 194, 196, 198, 200, 203, 204, 205, 208, 212, 216, 217, 222, 227, 229, 230, 234, 237, 238, 240, 241, 245, 248, 249, 251, 252, 253, 254, 257, 258, 260, 265, 266, 267, 268, 269, 272, 273, 274, 275, 277, 278, 279, 285, 288, 289, 292, 293, 295, 298, 301, 302, 303, 304, 306, 310, 312, 313, 315, 316, 318, 319, 324, 326, 327, 329, 332, 335, 336, 337, 341, 342, 343, 344, 346, 348, 349, 352, 354, 361, 362, 363, 365, 367, 369, 371, 375, 376, 383, 384, 387, 388, 389, 390, 394, 396, 397, 400, 404, 409, 410, 412, 413, 414, 419, 423, 424, 425, 426, 429, 430, 438, 439, 443, 445, 446, 447, 450, 451, 452, 453, 454, 458, 459, 460, 461, 464, 466, 467, 468, 471, 477, 478, 479, 482, 483, 485, 486, 489, 494, 495, 496, 499, 501, 502, 505, 507, 508, 509, 510, 511, 512, 518, 519, 522, 525, 526, 528, 529, 530, 531, 533, 535, 536, 537, 539, 545, 546, 548, 549, 550, 552, 553, 554, 557, 563, 564, 566, 569, 571, 576, 577, 581, 582, 584, 586, 589, 591, 592, 593, 594, 596, 598, 603, 605, 606, 607, 608, 610, 611, 613, 614, 616, 617, 619, 620, 622, 625, 629, 630, 631, 633, 636, 639, 646, 648, 650, 651, 652, 654, 655, 656, 658, 659, 660, 661, 663, 664, 665, 668, 669, 673, 675, 677, 680, 684, 685, 686, 692, 695, 697, 698, 699, 702, 703, 705, 707, 708, 712, 721, 724, 726, 727, 728, 729, 731, 732, 733, 738, 748, 753, 755, 757, 758, 759, 761, 762, 766, 771, 775, 776, 777, 780, 783, 787, 788, 791, 792, 795, 796, 797, 798, 799, 801, 802, 804, 805, 806, 809, 810, 811, 812, 813, 814, 816, 820, 821, 825, 828, 829, 831, 832, 836, 838, 840, 841, 842, 843, 844, 845, 846, 848, 849, 852, 854, 856, 857, 858, 859, 861, 863, 866, 868, 869, 871, 874, 875, 881, 883, 885, 886, 887, 889, 891, 892, 894, 895, 899, 901, 903, 905, 907, 909, 910, 913, 920, 924, 926, 927, 928, 929, 931, 935, 939, 940, 942, 943, 945, 947, 950, 951, 952, 953, 956, 958, 962, 967, 969, 970, 972, 974, 976, 977, 979, 980, 982, 983, 984, 986, 989, 991, 992, 993, 995, 997, 1001, 1002, 1005, 1006, 1007, 1010, 1012, 1014, 1015, 1019, 1021, 1022, 1023, 1024, 1025, 1026, 1027, 1028, 1029, 1033, 1035, 1036, 1038, 1040, 1042, 1044, 1045, 1047, 1048, 1049, 1050, 1051, 1056, 1057, 1058, 1067, 1071, 1076, 1077, 1078, 1079, 1080, 1082, 1083, 1086, 1087, 1088, 1089, 1090, 1091, 1092, 1093, 1094, 1099, 1100, 1101, 1104, 1105, 1107, 1108, 1111, 1113, 1114, 1116, 1117, 1123, 1126, 1129, 1130, 1131, 1132, 1133, 1135, 1136, 1140, 1143, 1144, 1145, 1148, 1149, 1151, 1152, 1155, 1156, 1159, 1160, 1162, 1163, 1165, 1169, 1171, 1173, 1174, 1175, 1177, 1178, 1179, 1182, 1184, 1185, 1187, 1191, 1194, 1198, 1199, 1201, 1202, 1208, 1214, 1217, 1220, 1221, 1222, 1223, 1229, 1230, 1234, 1235, 1237, 1239, 1241, 1243, 1244, 1245, 1247, 1248, 1251, 1253, 1255, 1257, 1258, 1265, 1269, 1270, 1276, 1282, 1287)
0x80008ee on hits (8, 1254, 1255, 1256, 1257, 1258, 1259, 1260)
0x80008f2 on hits (6, 7, 11, 1254, 1255, 1256, 1257, 1258, 1259, 1260)
0x80008f6 on hits (8, 9, 33, 38, 63, 98, 108, 118, 123, 143, 173, 208, 223, 228, 238, 243, 258, 283, 303, 308, 313, 368, 378, 403, 458, 463, 468, 483, 503, 553, 558, 578, 588, 628, 638, 648, 658, 693, 728, 748, 778, 788, 808, 848, 893, 918, 968, 973, 998, 1008, 1048, 1058, 1073, 1088, 1093, 1113, 1133, 1178, 1233, 1254, 1255, 1256, 1257, 1259, 1260)
0x80008fa on hits (8, 9, 33, 38, 63, 78, 93, 98, 113, 118, 123, 133, 143, 153, 173, 183, 193, 208, 213, 223, 228, 233, 238, 243, 258, 283, 303, 308, 368, 378, 388, 403, 438, 443, 463, 503, 508, 518, 558, 578, 588, 598, 613, 623, 628, 633, 638, 653, 663, 683, 688, 693, 708, 748, 778, 783, 788, 798, 808, 828, 838, 843, 848, 863, 878, 893, 898, 903, 913, 918, 923, 948, 953, 968, 973, 983, 988, 998, 1008, 1048, 1063, 1073, 1088, 1093, 1133, 1178, 1183, 1188, 1193, 1233, 1254, 1255, 1256, 1257, 1259, 1260)
0x80008fe on hits (24, 29, 42, 50, 54, 56, 59, 64, 104, 114, 116, 119, 124, 129, 145, 157, 161, 177, 187, 189, 197, 199, 204, 211, 220, 227, 239, 259, 262, 281, 289, 300, 329, 334, 339, 355, 360, 374, 379, 384, 391, 404, 414, 415, 429, 436, 439, 449, 464, 474, 479, 482, 489, 495, 502, 507, 509, 514, 524, 544, 557, 559, 584, 591, 595, 599, 604, 609, 617, 624, 625, 630, 634, 646, 664, 669, 674, 694, 699, 702, 717, 719, 722, 726, 735, 742, 751, 754, 785, 794, 809, 815, 824, 829, 834, 849, 861, 869, 871, 879, 897, 909, 914, 924, 934, 940, 947, 949, 966, 972, 974, 979, 985, 1009, 1014, 1019, 1027, 1049, 1059, 1064, 1067, 1069, 1105, 1112, 1124, 1127, 1134, 1135, 1146, 1159, 1167, 1174, 1179, 1184, 1189, 1199, 1206, 1227, 1240, 1244, 1255, 1256, 1257, 1259, 1260, 1274, 1277, 1284, 1287)
0x8000904 on hits (6, 7, 9, 1254, 1255, 1256, 1257, 1259, 1260)
0x8000908 on hits (6, 7, 9, 10, 1254, 1255, 1256, 1257, 1258, 1259, 1260)
0x800090a on hits (6, 7, 9, 10, 1254, 1255, 1256, 1257, 1258, 1259, 1260)
0x800090c on hits (6, 7, 9, 10, 1254, 1255, 1256, 1257, 1258, 1259, 1260)
0x800090e on hits (6, 7, 8, 1254, 1255, 1256, 1257, 1258, 1259, 1260)
0x8000912 on hits (10, 12, 1254, 1255, 1256, 1257, 1259, 1260)
0x8000916 on hits (12, 1254, 1255, 1256, 1257, 1259, 1260)
0x800091a on hits (1254, 1255, 1256, 1257, 1259, 1260)
0x800091e on hits (6, 7, 1254, 1255, 1256, 1257, 1258, 1259, 1260)
0x8000922 on hits (6, 7, 1254, 1255, 1256, 1257, 1258, 1259, 1260)
0x8000924 on hits (1258)
0x8000928 on hits (1254, 1255, 1256, 1257, 1259, 1260)
0x800092c on hits (37, 104, 270, 292, 340, 456, 531, 576, 594, 596, 649, 681, 692, 785, 894, 902, 1020, 1074, 1097, 1099, 1147, 1254, 1255, 1256, 1257, 1259, 1260, 1265)
0x800092e on hits (11, 12, 1254, 1255, 1256, 1257, 1258, 1259, 1260)
0x8000932 on hits (6, 8, 11, 12, 1254, 1255, 1256, 1257, 1258, 1259, 1260)
0x8000936 on hits (6, 8, 12, 1254, 1255, 1256, 1257, 1258, 1259, 1260)
0x800093a on hits (6, 8, 12, 1254, 1255, 1256, 1257, 1258, 1259, 1260)
0x800093e on hits (6, 8, 9, 10, 1254, 1255, 1256, 1257, 1258, 1259, 1260)
0x8000942 on hits (6, 9, 10, 1254, 1255, 1256, 1257, 1258, 1259, 1260)
0x8000946 on hits (1254, 1255, 1256, 1257, 1258, 1259, 1260)
0x800094a on hits (1254, 1255, 1256, 1257, 1258, 1259, 1260)
0x8000be2 on hits (1)
0x8000be8 on hits (1)
0x8000c20 on hits (2, 3, 4, 5, 6, 7, 8, 9, 10, 11, 12, 13, 14, 15, 16, 17, 18, 19, 20, 21, 22, 23, 24, 25, 26, 27, 28, 29, 30, 31, 32, 33, 34, 35, 36, 37, 38, 39, 40, 41, 42, 43, 44, 45, 46, 47, 48, 49, 50, 51, 52, 53, 54, 55, 56, 57, 58, 59, 60, 61, 62, 63, 64, 65, 66, 67, 68, 69, 70, 71, 72, 73, 74, 75, 76, 77, 78, 79, 80, 81, 82, 83, 84, 85, 86, 87, 88, 89, 90, 91, 92, 93, 94, 95, 96, 97, 98, 99, 100, 101, 102, 103, 104, 105, 106, 107, 108, 109, 110, 111, 112, 113, 114, 115, 116, 117, 118, 119, 120, 121, 122, 123, 124, 125, 126, 127, 128, 129, 130, 131, 132, 133, 134, 135, 136, 137, 138, 139, 140, 141, 142, 143, 144, 145, 146, 147, 148, 149, 150, 151, 152, 153, 154, 155, 156, 157, 158, 159, 160, 161, 162, 163, 164, 165, 166, 167, 168, 169, 170, 171, 172, 173, 174, 175, 176, 177, 178, 179, 180, 181, 182, 183, 184, 185, 186, 187, 188, 189, 190, 191, 192, 193, 194, 195, 196, 197, 198, 199, 200, 201, 202, 203, 204, 205, 206, 207, 208, 209, 210, 211, 212, 213, 214, 215, 216, 217, 218, 219, 220, 221, 222, 223, 224, 225, 226, 227, 228, 229, 230, 231, 232, 233, 234, 235, 236, 237, 238, 239, 240, 241, 242, 243, 244, 245, 246, 247)
0x8000c24 on hits (2, 3, 4, 5, 6, 7, 8, 9, 10, 11, 12, 13, 14, 15, 16, 17, 18, 19, 20, 21, 22, 23, 24, 25, 26, 27, 28, 29, 30, 31, 32, 33, 34, 35, 36, 37, 38, 39, 40, 41, 42, 43, 44, 45, 46, 47, 48, 49, 50, 51, 52, 53, 54, 55, 56, 57, 58, 59, 60, 61, 62, 63, 64, 65, 66, 67, 68, 69, 70, 71, 72, 73, 74, 75, 76, 77, 78, 79, 80, 81, 82, 83, 84, 85, 86, 87, 88, 89, 90, 91, 92, 93, 94, 95, 96, 97, 98, 99, 100, 101, 102, 103, 104, 105, 106, 107, 108, 109, 110, 111, 112, 113, 114, 115, 116, 117, 118, 119, 120, 121, 122, 123, 124, 125, 126, 127, 128, 129, 130, 131, 132, 133, 134, 135, 136, 137, 138, 139, 140, 141, 142, 143, 144, 145, 146, 147, 148, 149, 150, 151, 152, 153, 154, 155, 156, 157, 158, 159, 160, 161, 162, 163, 164, 165, 166, 167, 168, 169, 170, 171, 172, 173, 174, 175, 176, 177, 178, 179, 180, 181, 182, 183, 184, 185, 186, 187, 188, 189, 190, 191, 192, 193, 194, 195, 196, 197, 198, 199, 200, 201, 202, 203, 204, 205, 206, 207, 208, 209, 210, 211, 212, 213, 214, 215, 216, 217, 218, 219, 220, 221, 222, 223, 224, 225, 226, 227, 228, 229, 230, 231, 232, 233, 234, 235, 236, 237, 238, 239, 240, 241, 242, 243, 244, 245, 246, 247, 248, 249, 250, 251, 252)
0x8000c28 on hits (2, 3, 4, 5, 6, 7, 8, 9, 10, 11, 12, 13, 14, 15, 16, 17, 18, 19, 20, 21, 22, 23, 24, 25, 26, 27, 28, 29, 30, 31, 32, 33, 34, 35, 36, 37, 38, 39, 40, 41, 42, 43, 44, 45, 46, 47, 48, 49, 50, 51, 52, 53, 54, 55, 56, 57, 58, 59, 60, 61, 62, 63, 64, 65, 66, 67, 68, 69, 70, 71, 72, 73, 74, 75, 76, 77, 78, 79, 80, 81, 82, 83, 84, 85, 86, 87, 88, 89, 90, 91, 92, 93, 94, 95, 96, 97, 98, 99, 100, 101, 102, 103, 104, 105, 106, 107, 108, 109, 110, 111, 112, 113, 114, 115, 116, 117, 118, 119, 120, 121, 122, 123, 124, 125, 126, 127, 128, 129, 130, 131, 132, 133, 134, 135, 136, 137, 138, 139, 140, 141, 142, 143, 144, 145, 146, 147, 148, 149, 150, 151, 152, 153, 154, 155, 156, 157, 158, 159, 160, 161, 162, 163, 164, 165, 166, 167, 168, 169, 170, 171, 172, 173, 174, 175, 176, 177, 178, 179, 180, 181, 182, 183, 184, 185, 186, 187, 188, 189, 190, 191, 192, 193, 194, 195, 196, 197, 198, 199, 200, 201, 202, 203, 204, 205, 206, 207, 208, 209, 210, 211, 212, 213, 214, 215, 216, 217, 218, 219, 220, 221, 222, 223, 224, 225, 226, 227, 228, 229, 230, 231, 232, 233, 234, 235, 236, 237, 238, 239, 240, 241, 242, 243, 244, 245, 246, 247, 248, 249, 250, 251, 252)
0x8000c2c on hits (9, 17, 25, 33, 41, 49, 57, 65, 73, 81, 89, 97, 105, 113, 121, 129, 137, 145, 153, 161, 169, 177, 185, 193, 201, 209, 217, 225, 233, 241, 249)
0x8000c30 on hits (2, 3, 4, 5, 6, 7, 8, 9, 10, 11, 12, 13, 14, 15, 16, 17, 18, 19, 20, 21, 22, 23, 24, 25, 26, 27, 28, 29, 30, 31, 32, 33, 34, 35, 36, 37, 38, 39, 40, 41, 42, 43, 44, 45, 46, 47, 48, 49, 50, 51, 52, 53, 54, 55, 56, 57, 58, 59, 60, 61, 62, 63, 64, 65, 66, 67, 68, 69, 70, 71, 72, 73, 74, 75, 76, 77, 78, 79, 80, 81, 82, 83, 84, 85, 86, 87, 88, 89, 90, 91, 92, 93, 94, 95, 96, 97, 98, 99, 100, 101, 102, 103, 104, 105, 106, 107, 108, 109, 110, 111, 112, 113, 114, 115, 116, 117, 118, 119, 120, 121, 122, 123, 124, 125, 126, 127, 128, 129, 130, 131, 132, 133, 134, 135, 136, 137, 138, 139, 140, 141, 142, 143, 144, 145, 146, 147, 148, 149, 150, 151, 152, 153, 154, 155, 156, 157, 158, 159, 160, 161, 162, 163, 164, 165, 166, 167, 168, 169, 170, 171, 172, 173, 174, 175, 176, 177, 178, 179, 180, 181, 182, 183, 184, 185, 186, 187, 188, 189, 190, 191, 192, 193, 194, 195, 196, 197, 198, 199, 200, 201, 202, 203, 204, 205, 206, 207, 208, 209, 210, 211, 212, 213, 214, 215, 216, 217, 218, 219, 220, 221, 222, 223, 224, 225, 226, 227, 228, 229, 230, 231, 232, 233, 234, 235, 236, 237, 238, 239, 240, 241, 242, 243, 244, 245, 246, 247, 248, 249, 250)
0x8000c32 on hits (2, 253)
0x8000c34 on hits (2, 155, 253)
0x8000c36 on hits (2, 251, 253)
0x8000c3a on hits (2, 3, 253, 254)
0x8000c3c on hits (2, 253)
0x8000c40 on hits (2, 253)
0x8000c42 on hits (2, 253)
0x8000c44 on hits (2)
0x8000c46 on hits (2, 253)
0x8000c50 on hits (2)
0x8000c56 on hits (2)
0x8000c5a on hits (2)
0x8000c5c on hits (2)
0x8000c60 on hits (2)
0x8000c64 on hits (2, 4, 5, 10, 12, 13, 16, 17, 18, 26, 31, 35, 36, 37, 38, 39, 40, 42, 43, 46, 49, 51, 52, 53, 56, 57, 58, 59, 61, 63, 66, 67, 68, 70, 71, 73, 74, 75, 80, 83, 84, 85, 86, 87, 88, 90, 92, 93, 94, 95, 96, 100, 101, 103, 106, 107, 108, 110, 111, 113, 115, 119, 120, 121, 127, 129, 130, 131, 132, 134, 141, 142, 144, 145, 146, 147, 148, 152, 153, 157, 158, 165, 166, 170, 171, 174, 175, 176, 177, 181, 184, 185, 188, 195, 203, 204, 207, 208, 209, 210, 212, 214, 215, 218, 219, 223, 225, 227, 228, 229, 232, 233, 234, 236, 238, 239, 240, 241, 242, 245, 247, 250, 252, 255)
0x8000c68 on hits (4, 5, 10, 12, 13, 16, 17, 18, 26, 31, 35, 36, 37, 38, 39, 40, 42, 43, 46, 49, 51, 52, 53, 56, 57, 58, 59, 61, 63, 66, 67, 68, 70, 71, 73, 74, 75, 80, 83, 84, 85, 86, 87, 88, 90, 92, 93, 94, 95, 96, 100, 101, 103, 106, 107, 108, 110, 111, 113, 115, 119, 120, 121, 127, 129, 130, 131, 132, 134, 141, 142, 144, 145, 146, 147, 148, 152, 153, 157, 158, 165, 166, 170, 171, 174, 175, 176, 177, 181, 184, 185, 188, 195, 203, 204, 207, 208, 209, 210, 212, 214, 215, 218, 219, 223, 225, 227, 228, 229, 232, 233, 234, 236, 238, 239, 240, 241, 242, 245, 247, 250, 252, 255)
0x8000c6c on hits (4)
0x8000c70 on hits (4)
0x8000c74 on hits (4)
0x8000c7c on hits (2)
0x8000ce0 on hits (3)
0x8000cec on hits (2)
0x8000cf0 on hits (2)
0x8000cf4 on hits (2)
0x8000d04 on hits (5, 9, 10, 12, 14, 15, 19, 20, 21, 22, 31, 32, 33, 35, 38, 39, 40, 41, 42, 43, 44, 45, 46, 53, 59, 60, 65, 67, 70, 75, 80, 82, 83, 84, 87, 90, 92, 93, 94, 95, 96, 98, 99, 100, 101, 103, 104, 106, 111, 112, 113, 115, 116, 120, 121, 122, 123, 125, 127, 128, 129, 130, 132, 136, 139, 141, 144, 147, 148, 149, 151, 152, 155, 157, 158, 161, 162, 167, 173, 176, 177, 180, 183, 184, 188, 189, 192, 193, 194, 195, 196, 197, 200, 204, 209, 210, 211, 213, 215, 216, 218, 221, 226, 227, 228, 229, 230, 231, 232, 233, 234, 238, 239, 240, 241, 244, 250, 251, 253, 254, 255)
0x8000d38 on hits (2)
0x8000d3c on hits (2)
0x8000d44 on hits (2)
0x8000d4c on hits (2)
0x8000d50 on hits (2)
0x8000d58 on hits (2)
0x8000d60 on hits (2)
0x8000d64 on hits (2)
0x8000d6c on hits (2)
0x8000d74 on hits (2)
0x8000d78 on hits (2)
0x8000d80 on hits (2)
0x8000d88 on hits (2)
0x8000d8c on hits (2)
0x8000d94 on hits (2)
0x8000d9c on hits (2)
0x8000da0 on hits (2)
0x8000da8 on hits (2, 5, 7, 9, 11, 13, 14, 16, 21, 22, 23, 25, 27, 28, 29, 30, 36, 39, 41, 43, 45, 46, 50, 51, 52, 53, 57, 61, 62, 63, 66, 67, 68, 73, 78, 81, 82, 88, 89, 90, 91, 92, 94, 95, 98, 99, 100, 101, 103, 104, 108, 109, 112, 113, 116, 117, 123, 125, 126, 128, 131, 133, 134, 135, 137, 139, 140, 141, 143, 148, 149, 152, 154, 155, 157, 159, 160, 161, 163, 168, 169, 173, 175, 178, 181, 183, 184, 185, 188, 190, 192, 194, 196, 197, 198, 201, 203, 206, 208, 209, 210, 211, 213, 214, 215, 217, 219, 220, 222, 223, 224, 232, 233, 234, 236, 240, 241, 246, 247, 249, 251, 252, 253, 254)
0x8000dac on hits (2, 5, 7, 9, 11, 13, 14, 16, 21, 22, 23, 25, 27, 28, 29, 30, 36, 39, 41, 43, 45, 46, 50, 51, 52, 53, 57, 61, 62, 63, 66, 67, 68, 73, 78, 81, 82, 88, 89, 90, 91, 92, 94, 95, 98, 99, 100, 101, 103, 104, 108, 109, 112, 113, 116, 117, 123, 125, 126, 128, 131, 133, 134, 135, 137, 139, 140, 141, 143, 148, 149, 152, 154, 155, 157, 159, 160, 161, 163, 168, 169, 173, 175, 178, 181, 183, 184, 185, 188, 190, 192, 194, 196, 197, 198, 201, 203, 206, 208, 209, 210, 211, 213, 214, 215, 217, 219, 220, 222, 223, 224, 232, 233, 234, 236, 240, 241, 246, 247, 249, 251, 252, 253, 254)
0x8000db2 on hits (252)
0x8000db4 on hits (252)
0x8000db6 on hits (2, 252)
0x8000db8 on hits (2, 252)
0x8000dbc on hits (2, 252)
0x8000dc0 on hits (252)
0x8000dc2 on hits (2, 252)
0x8000dc6 on hits (2, 252)
0x8000dca on hits (2, 6, 7, 8, 10, 11, 12, 15, 16, 18, 19, 21, 23, 24, 27, 30, 34, 36, 39, 41, 42, 43, 45, 49, 51, 54, 56, 57, 58, 59, 62, 63, 65, 68, 69, 72, 75, 76, 79, 82, 83, 84, 85, 87, 89, 90, 91, 92, 95, 98, 100, 102, 103, 107, 108, 111, 113, 114, 118, 121, 122, 123, 127, 131, 134, 136, 142, 143, 144, 146, 152, 153, 154, 158, 160, 161, 162, 164, 165, 166, 168, 170, 172, 173, 174, 175, 176, 179, 180, 182, 183, 184, 185, 189, 190, 191, 192, 194, 197, 199, 200, 201, 202, 203, 204, 206, 209, 214, 215, 216, 217, 218, 221, 225, 226, 237, 238, 240, 247, 249, 250, 252)
0x8000dce on hits (6, 7, 8, 10, 11, 12, 15, 16, 18, 19, 21, 23, 24, 27, 30, 34, 36, 39, 41, 42, 43, 45, 49, 51, 54, 56, 57, 58, 59, 62, 63, 65, 68, 69, 72, 75, 76, 79, 82, 83, 84, 85, 87, 89, 90, 91, 92, 95, 98, 100, 102, 103, 107, 108, 111, 113, 114, 118, 121, 122, 123, 127, 131, 134, 136, 142, 143, 144, 146, 152, 153, 154, 158, 160, 161, 162, 164, 165, 166, 168, 170, 172, 173, 174, 175, 176, 179, 180, 182, 183, 184, 185, 189, 190, 191, 192, 194, 197, 199, 200, 201, 202, 203, 204, 206, 209, 214, 215, 216, 217, 218, 221, 225, 226, 237, 238, 240, 247, 249, 250)
0x8000dd2 on hits (252)
0x8000dd6 on hits (252)
0x8000dda on hits (252)
0x8000dde on hits (252)
0x8000de2 on hits (2, 252)
0x8000de6 on hits (252)
0x8000dea on hits (252)
0x8000dee on hits (252)
0x8000df2 on hits (252)
0x8000df6 on hits (252)
0x8000dfa on hits (3, 252)
0x8000dfe on hits (252)
0x8000e02 on hits (3, 252)
0x8000e06 on hits (3, 252)
0x8000e0a on hits (3, 252)
0x8000e0e on hits (3, 252)
0x8000e12 on hits (3, 252)
0x8000e16 on hits (3, 252)
0x8000e1a on hits (252)
0x8000e1e on hits (252)
0x8000e22 on hits (252)
0x8000e26 on hits (252)
0x8000e2a on hits (252)
0x8000e2e on hits (252)
0x8000e32 on hits (252)
0x8000e36 on hits (252)
0x8000e3a on hits (252)
0x8000e3e on hits (252)
0x8000e42 on hits (252)
0x8000e46 on hits (2, 252)
0x8000e4a on hits (252)
0x8000e50 on hits (252)
0x8000e52 on hits (2, 252)
0x8000e56 on hits (2, 252)
0x8000e5a on hits (2, 252)
0x8000e5e on hits (252)
0x8000e62 on hits (252)
0x8000e6a on hits (8, 10, 13, 15, 19, 21, 22, 24, 25, 28, 29, 32, 33, 34, 35, 37, 38, 39, 40, 43, 44, 46, 47, 49, 50, 51, 53, 59, 62, 64, 65, 66, 67, 72, 73, 76, 79, 85, 86, 90, 91, 93, 95, 97, 101, 102, 103, 104, 105, 106, 108, 110, 112, 113, 114, 120, 122, 123, 124, 125, 126, 127, 130, 131, 137, 138, 139, 145, 147, 148, 149, 154, 155, 156, 157, 159, 160, 161, 163, 165, 168, 169, 170, 171, 172, 173, 176, 177, 180, 185, 186, 188, 190, 192, 193, 194, 200, 201, 202, 203, 207, 209, 210, 212, 214, 216, 217, 218, 219, 223, 226, 228, 229, 230, 231, 232, 234, 235, 236, 238, 241, 242, 243, 245, 246, 247, 249, 252)
0x8000e6e on hits (2, 252)
0x8000e72 on hits (252)
0x8000e76 on hits (252)
0x8000e7a on hits (252)
0x8000e7e on hits (252)
0x8000e82 on hits (252)
0x8000e86 on hits (252)
0x8000e8a on hits (252)
0x8000e8e on hits (252)
0x8000e92 on hits (252)
0x8000e96 on hits (252)
0x8000e9e on hits (2, 252)
0x8000ea2 on hits (2, 252)
0x8000ea6 on hits (252)
0x8000eaa on hits (2, 252)
0x8000eb2 on hits (2, 252)
0x8000eb6 on hits (2, 252)
0x8000eba on hits (3, 252)
0x8000ebe on hits (2, 252)
0x8000ec6 on hits (2, 252)
0x8000eca on hits (2, 252)
0x8000ece on hits (3, 252)
0x8000ed2 on hits (2, 252)
0x8000eda on hits (2, 3, 252)
0x8000ede on hits (2, 3, 252)
0x8000ee2 on hits (252)
0x8000ee6 on hits (2, 3, 252)
0x8000eee on hits (2, 3, 252)
0x8000ef2 on hits (2, 3, 252)
0x8000ef6 on hits (252)
0x8000efa on hits (2, 3, 252)
0x8000f02 on hits (2, 3, 252)
0x8000f06 on hits (2, 3, 252)
0x8000f0a on hits (252)
0x8000f0e on hits (2, 3, 6, 7, 8, 9, 10, 13, 16, 18, 19, 20, 22, 23, 28, 29, 30, 34, 35, 36, 37, 38, 41, 42, 43, 44, 48, 52, 53, 55, 58, 60, 63, 69, 76, 77, 79, 80, 82, 84, 86, 90, 93, 94, 99, 100, 102, 103, 104, 105, 106, 107, 108, 109, 110, 111, 115, 117, 120, 123, 124, 129, 130, 133, 134, 135, 138, 139, 140, 142, 144, 145, 147, 149, 151, 155, 156, 157, 161, 163, 164, 166, 169, 174, 175, 178, 180, 181, 182, 183, 184, 188, 189, 190, 192, 194, 195, 196, 197, 198, 200, 202, 205, 207, 209, 211, 212, 213, 215, 220, 221, 224, 227, 229, 233, 234, 235, 237, 238, 239, 242, 243, 244, 245, 246, 248, 249, 250, 251)
0x8000f12 on hits (2, 3, 6, 7, 8, 9, 10, 13, 16, 18, 19, 20, 22, 23, 28, 29, 30, 34, 35, 36, 37, 38, 41, 42, 43, 44, 48, 52, 53, 55, 58, 60, 63, 69, 76, 77, 79, 80, 82, 84, 86, 90, 93, 94, 99, 100, 102, 103, 104, 105, 106, 107, 108, 109, 110, 111, 115, 117, 120, 123, 124, 129, 130, 133, 134, 135, 138, 139, 140, 142, 144, 145, 147, 149, 151, 155, 156, 157, 161, 163, 164, 166, 169, 174, 175, 178, 180, 181, 182, 183, 184, 188, 189, 190, 192, 194, 195, 196, 197, 198, 200, 202, 205, 207, 209, 211, 212, 213, 215, 220, 221, 224, 227, 229, 233, 234, 235, 237, 238, 239, 242, 243, 244, 245, 246, 248, 249, 250, 251)
0x8000f16 on hits (252)
0x8000f18 on hits (252)
0x8000f1a on hits (252)
0x8000f1c on hits (252)
0x8000f26 on hits (252)
0x8000f2a on hits (252)
0x8000f30 on hits (252)
0x8000f32 on hits (2, 252)
0x8000f36 on hits (2, 3, 252)
0x8000f3a on hits (2, 3, 252)
0x8000f3c on hits (252)
0x8000f40 on hits (2, 3, 252)
0x8000f44 on hits (3, 4, 5, 6, 7, 8, 9, 13, 14, 18, 22, 24, 25, 29, 30, 35, 36, 37, 38, 41, 43, 46, 47, 48, 51, 56, 58, 60, 61, 62, 63, 64, 66, 69, 74, 76, 77, 78, 80, 83, 85, 86, 88, 90, 91, 95, 96, 97, 99, 102, 105, 106, 107, 110, 112, 114, 115, 117, 119, 121, 124, 125, 128, 130, 131, 132, 133, 135, 136, 137, 144, 145, 147, 151, 154, 155, 156, 158, 159, 161, 163, 164, 170, 172, 173, 174, 175, 176, 177, 178, 180, 182, 184, 185, 186, 189, 190, 191, 192, 193, 194, 200, 201, 202, 204, 205, 207, 211, 212, 213, 216, 218, 219, 220, 221, 222, 226, 227, 228, 229, 234, 235, 238, 239, 243, 244, 246, 248, 249, 250, 251, 252)
0x8000f48 on hits (3, 4, 5, 6, 7, 8, 9, 13, 14, 18, 22, 24, 25, 29, 30, 35, 36, 37, 38, 41, 43, 46, 47, 48, 51, 56, 58, 60, 61, 62, 63, 64, 66, 69, 74, 76, 77, 78, 80, 83, 85, 86, 88, 90, 91, 95, 96, 97, 99, 102, 105, 106, 107, 110, 112, 114, 115, 117, 119, 121, 124, 125, 128, 130, 131, 132, 133, 135, 136, 137, 144, 145, 147, 151, 154, 155, 156, 158, 159, 161, 163, 164, 170, 172, 173, 174, 175, 176, 177, 178, 180, 182, 184, 185, 186, 189, 190, 191, 192, 193, 194, 200, 201, 202, 204, 205, 207, 211, 212, 213, 216, 218, 219, 220, 221, 222, 226, 227, 228, 229, 234, 235, 238, 239, 243, 244, 246, 248, 249, 250, 251)
0x8000f4c on hits (252)
0x8000f50 on hits (3, 252)
0x8000f54 on hits (3, 252)
0x8000f58 on hits (252)
0x8000f5c on hits (252)
0x8000f60 on hits (252)
0x8000f64 on hits (252)
0x8000f68 on hits (252)
0x8000f6c on hits (252)
0x8000f70 on hits (252)
0x8000f74 on hits (2, 252)
0x8000f78 on hits (252)
0x8000f7c on hits (252)
0x8000f80 on hits (2, 252)
0x8000f84 on hits (2, 252)
0x8000f88 on hits (252)
0x8000f8c on hits (252)
0x8000f90 on hits (2, 252)
0x8000f94 on hits (2, 3, 252)
0x8000f98 on hits (252)
0x8000f9c on hits (3, 252)
0x8000fa0 on hits (2, 3, 252)
0x8000fa4 on hits (2, 3, 252)
0x8000fa8 on hits (252)
0x8000fac on hits (3, 252)
0x8000fb0 on hits (2, 3, 252)
0x8000fb4 on hits (2, 3, 252)
0x8000fb8 on hits (252)
0x8000fbc on hits (252)
0x8000fc0 on hits (252)
0x8000fc4 on hits (252)
0x8000fc6 on hits (252)
0x8000fc8 on hits (252)
0x8000fca on hits (252)
0x8000fcc on hits (252)
0x8000fd0 on hits (252)
0x8000fd4 on hits (2, 252)
0x8000fd8 on hits (3, 252)
0x8000fdc on hits (252)
0x8000fe4 on hits (2, 3, 10, 12, 13, 15, 17, 18, 20, 22, 25, 29, 33, 34, 35, 36, 38, 44, 45, 46, 50, 52, 53, 54, 55, 56, 61, 62, 63, 65, 66, 67, 68, 71, 74, 75, 77, 78, 79, 80, 83, 86, 89, 90, 93, 94, 96, 101, 102, 106, 107, 108, 111, 112, 114, 115, 116, 117, 119, 121, 123, 124, 125, 129, 130, 137, 140, 144, 145, 146, 147, 148, 150, 151, 152, 155, 156, 157, 159, 165, 166, 168, 170, 171, 172, 173, 174, 177, 179, 180, 181, 183, 184, 185, 188, 190, 192, 193, 195, 196, 199, 200, 202, 207, 208, 209, 210, 211, 214, 218, 220, 222, 223, 224, 226, 227, 230, 231, 235, 241, 244, 247, 250, 251, 252)
0x8000fe8 on hits (252)
0x8000fec on hits (2, 252)
0x8000ff0 on hits (252)
0x8000ff4 on hits (252)
0x8000ff8 on hits (252)
0x8000ffc on hits (252)
0x8001000 on hits (252)
0x8001004 on hits (252)
0x8001008 on hits (252)
0x800100c on hits (252)
0x8001010 on hits (252)
0x8001018 on hits (252)
0x800101c on hits (252)
0x8001020 on hits (252)
0x8001024 on hits (252)
0x800102c on hits (252)
0x8001030 on hits (2, 252)
0x8001034 on hits (252)
0x8001038 on hits (252)
0x8001040 on hits (252)
0x8001044 on hits (2, 252)
0x8001048 on hits (252)
0x800104c on hits (252)
0x8001054 on hits (3, 252)
0x8001058 on hits (2, 252)
0x800105c on hits (3, 252)
0x8001060 on hits (3, 252)
0x8001068 on hits (3, 252)
0x800106c on hits (2, 252)
0x8001070 on hits (3, 252)
0x8001074 on hits (3, 252)
0x800107c on hits (252)
0x8001080 on hits (2, 3, 252)
0x8001084 on hits (2, 252)
0x8001088 on hits (2, 4, 5, 6, 10, 11, 12, 18, 21, 23, 26, 28, 29, 30, 33, 34, 36, 41, 42, 43, 44, 48, 50, 51, 52, 54, 56, 58, 59, 63, 66, 70, 73, 75, 77, 78, 80, 84, 86, 89, 90, 93, 94, 95, 96, 97, 99, 106, 107, 108, 109, 110, 112, 113, 117, 119, 120, 123, 127, 130, 131, 134, 138, 141, 147, 148, 149, 151, 155, 156, 162, 164, 167, 169, 170, 171, 172, 173, 174, 175, 180, 181, 182, 183, 184, 185, 186, 187, 188, 189, 190, 196, 198, 201, 202, 205, 210, 212, 214, 215, 216, 217, 218, 219, 223, 225, 226, 228, 235, 237, 239, 240, 241, 242, 243, 245, 246, 247, 248, 249, 250, 252)
0x800108c on hits (2, 4, 5, 6, 10, 11, 12, 18, 21, 23, 26, 28, 29, 30, 33, 34, 36, 41, 42, 43, 44, 48, 50, 51, 52, 54, 56, 58, 59, 63, 66, 70, 73, 75, 77, 78, 80, 84, 86, 89, 90, 93, 94, 95, 96, 97, 99, 106, 107, 108, 109, 110, 112, 113, 117, 119, 120, 123, 127, 130, 131, 134, 138, 141, 147, 148, 149, 151, 155, 156, 162, 164, 167, 169, 170, 171, 172, 173, 174, 175, 180, 181, 182, 183, 184, 185, 186, 187, 188, 189, 190, 196, 198, 201, 202, 205, 210, 212, 214, 215, 216, 217, 218, 219, 223, 225, 226, 228, 235, 237, 239, 240, 241, 242, 243, 245, 246, 247, 248, 249, 250, 252)
0x8001090 on hits (252)
0x8001092 on hits (252)
0x8001094 on hits (252)
0x800109c on hits (252)
0x80010a6 on hits (252)
0x80010ae on hits (251, 252)
0x80010b6 on hits (251, 252)
0x80010c0 on hits (2, 251, 252)
0x80010c2 on hits (251, 252)
0x80010c6 on hits (2, 251, 252)
0x80010ca on hits (251, 252)
0x80010ce on hits (2, 251, 252)
0x80010d2 on hits (251, 252)
0x80010da on hits (2, 5, 8, 9, 10, 11, 12, 16, 17, 18, 21, 24, 26, 27, 28, 29, 32, 33, 35, 36, 37, 42, 43, 44, 45, 47, 48, 55, 56, 57, 62, 63, 64, 66, 67, 68, 69, 70, 71, 72, 74, 80, 81, 82, 84, 87, 88, 90, 92, 93, 95, 97, 101, 103, 104, 106, 109, 111, 113, 116, 118, 120, 121, 122, 124, 125, 126, 128, 129, 139, 140, 141, 143, 144, 145, 146, 149, 150, 151, 152, 154, 155, 157, 160, 161, 162, 163, 165, 166, 167, 168, 170, 171, 172, 176, 178, 179, 180, 181, 182, 186, 187, 188, 189, 191, 192, 193, 194, 196, 197, 198, 201, 205, 206, 209, 210, 212, 214, 215, 222, 223, 224, 229, 230, 232, 235, 236, 237, 238, 240, 241, 242, 243, 245, 246, 248, 253, 254)
0x80010de on hits (251, 252)
0x80010e2 on hits (251, 252)
0x80010e6 on hits (251, 252)
0x80010ea on hits (251, 252)
0x80010ee on hits (251, 252)
0x80010f2 on hits (251, 252)
0x80010f6 on hits (251, 252)
0x80010fa on hits (251, 252)
0x80010fe on hits (251, 252)
0x8001102 on hits (251, 252)
0x8001106 on hits (251, 252)
0x800110e on hits (2, 251, 252)
0x8001112 on hits (251, 252)
0x8001116 on hits (2, 251, 252)
0x800111a on hits (2, 251, 252)
0x8001122 on hits (251, 252)
0x8001126 on hits (2, 251, 252)
0x800112a on hits (251, 252)
0x800112e on hits (251, 252)
0x8001136 on hits (251, 252)
0x800113a on hits (2, 251, 252)
0x800113e on hits (251, 252)
0x8001142 on hits (251, 252)
0x800114a on hits (251, 252)
0x800114e on hits (2, 251, 252)
0x8001152 on hits (251, 252)
0x8001156 on hits (251, 252)
0x800115e on hits (251, 252)
0x8001162 on hits (2, 251, 252)
0x8001166 on hits (251, 252)
0x800116a on hits (251, 252)
0x8001172 on hits (251, 252)
0x8001176 on hits (2, 251, 252)
0x800117a on hits (251, 252)
0x800117e on hits (5, 6, 7, 8, 12, 14, 16, 17, 20, 21, 23, 25, 27, 28, 29, 31, 36, 37, 38, 39, 40, 45, 49, 51, 52, 53, 65, 66, 68, 70, 75, 80, 83, 84, 85, 89, 92, 93, 95, 99, 102, 103, 104, 105, 106, 107, 110, 111, 113, 118, 121, 122, 124, 125, 126, 128, 130, 133, 135, 138, 140, 141, 142, 144, 146, 147, 150, 152, 155, 159, 162, 164, 169, 170, 172, 173, 174, 175, 176, 177, 178, 181, 182, 184, 185, 187, 190, 191, 193, 195, 196, 202, 206, 210, 211, 212, 215, 216, 218, 219, 221, 225, 227, 228, 230, 231, 234, 236, 243, 247, 250, 251, 253, 254)
0x8001182 on hits (5, 6, 7, 8, 12, 14, 16, 17, 20, 21, 23, 25, 27, 28, 29, 31, 36, 37, 38, 39, 40, 45, 49, 51, 52, 53, 65, 66, 68, 70, 75, 80, 83, 84, 85, 89, 92, 93, 95, 99, 102, 103, 104, 105, 106, 107, 110, 111, 113, 118, 121, 122, 124, 125, 126, 128, 130, 133, 135, 138, 140, 141, 142, 144, 146, 147, 150, 152, 155, 159, 162, 164, 169, 170, 172, 173, 174, 175, 176, 177, 178, 181, 182, 184, 185, 187, 190, 191, 193, 195, 196, 202, 206, 210, 211, 212, 215, 216, 218, 219, 221, 225, 227, 228, 230, 231, 234, 236, 243, 247, 250, 251, 253, 254)
0x800118a on hits (251, 252)
0x800118c on hits (251, 252)
0x8001190 on hits (251, 252)
0x8001196 on hits (251, 252)
0x8001198 on hits (2, 251, 252)
0x80011a0 on hits (251, 252)
0x80011a4 on hits (2, 251, 252)
0x80011a6 on hits (251, 252)
0x80011aa on hits (251, 252)
0x80011ae on hits (251, 252)
0x80011b2 on hits (251, 252)
0x80011b6 on hits (251, 252)
0x80011ba on hits (251, 252)
0x80011be on hits (251, 252)
0x80011c2 on hits (251, 252)
0x80011c6 on hits (251, 252)
0x80011ca on hits (251, 252)
0x80011ce on hits (251, 252)
0x80011d2 on hits (2, 251, 252)
0x80011d6 on hits (251, 252)
0x80011da on hits (251, 252)
0x80011de on hits (2, 251, 252)
0x80011e2 on hits (251, 252)
0x80011e6 on hits (251, 252)
0x80011ea on hits (251, 252)
0x80011ee on hits (2, 251, 252)
0x80011f2 on hits (251, 252)
0x80011f6 on hits (251, 252)
0x80011fa on hits (251, 252)
0x80011fe on hits (2, 251, 252)
0x8001202 on hits (251, 252)
0x8001206 on hits (251, 252)
0x800120a on hits (251, 252)
0x800120e on hits (2, 251, 252)
0x8001212 on hits (251, 252)
0x8001216 on hits (251, 252)
0x800121a on hits (251, 252)
0x800121e on hits (2, 251, 252)
0x8001222 on hits (251, 252)
0x8001226 on hits (251, 252)
0x800122e on hits (251, 252)
0x8001230 on hits (251, 252)
0x8001280 on hits (1)
0x80012d8 on hits (3, 20, 25, 41, 48, 57, 89, 100, 111, 115, 133, 152, 155, 177, 197, 207, 208, 209, 213, 224, 233, 240, 249, 254, 266, 269, 278, 282, 292, 304, 308, 314, 320, 324, 325, 327, 331, 347, 348, 355, 356, 360, 361, 365, 368, 378, 383, 384, 385, 386, 387, 388, 391, 393, 396, 400, 401, 403, 409, 410, 422, 429, 430, 432, 433, 436, 442, 446, 447, 448, 449, 451, 454, 458, 460, 463, 464, 468, 469, 476, 477, 479, 481, 482, 486, 488, 491, 493, 495, 497, 498, 501, 502)
0x80012da on hits (3, 4, 505, 506)
0x80012dc on hits (4, 505, 506)
0x80012e4 on hits (18, 19, 20, 21, 22, 23, 24, 26, 27, 28, 29, 30, 31, 32, 4033, 4034, 4035, 4036, 4037, 4038, 4039, 4040, 4042, 4043, 4044, 4045, 4046, 4047, 4048)
0x80012e8 on hits (18, 19, 20, 21, 22, 23, 24, 26, 27, 28, 29, 30, 31, 32, 45, 4034, 4035, 4036, 4037, 4038, 4039, 4040, 4041, 4042, 4043, 4044, 4045, 4046, 4047, 4048)
0x80012ec on hits (17, 18, 24, 25, 26, 32, 36, 37, 44, 45, 4033, 4034, 4035, 4036, 4037, 4038, 4039, 4040, 4041, 4042, 4043, 4044, 4045, 4046, 4047, 4048)
0x80012f0 on hits (17, 24, 25, 32, 4033, 4034, 4035, 4036, 4037, 4038, 4039, 4040, 4042, 4043, 4044, 4045, 4046, 4047, 4048)
0x80012f2 on hits (17, 24, 25, 32, 36, 44, 4033, 4034, 4035, 4036, 4037, 4038, 4039, 4040, 4041, 4042, 4043, 4044, 4045, 4046, 4047, 4048)
0x80012f4 on hits (18, 19, 20, 21, 22, 23, 24, 26, 27, 28, 29, 30, 31, 32, 49, 57)
0x80012f6 on hits (49, 57, 4017, 4018, 4019, 4020, 4021, 4022, 4023, 4024, 4025, 4026, 4027, 4028, 4029, 4030, 4031, 4032)
0x80012fa on hits (17, 24, 25, 32, 36, 44, 4033, 4034, 4035, 4036, 4037, 4038, 4039, 4040, 4041, 4042, 4043, 4044, 4045, 4046, 4047, 4048)
0x80012fc on hits (17, 24, 25, 32, 36, 44, 4017, 4018, 4019, 4020, 4021, 4022, 4023, 4024, 4025, 4026, 4027, 4028, 4029, 4030, 4031, 4032)
0x80012fe on hits (17, 18, 19, 20, 21, 22, 23, 25, 26, 27, 28, 29, 30, 31, 43, 4033, 4034, 4035, 4036, 4037, 4038, 4039, 4041, 4042, 4043, 4044, 4045, 4046, 4047)
0x8001302 on hits (3, 4, 8)
0x80013ec on hits (2)
0x8001480 on hits (1)
